0.6347539206487226 0.2158291344376907 -1
0.16219805126433606 0.5549844840580711 -1
0.8212870550197386 0.14941463417427203 -1
0.38730910200554236 0.6271137354469626 -1
0.5420636383598799 0.777152613136879 1
0.28282248811901267 0.49811695552122914 -1
0.5194312963035435 0.6439393338454397 1
0.28980034583041403 0.9290855247517114 -1
0.4501021054275868 0.5668771168807129 -1
0.3098260315753286 0.3607588760065569 -1
0.39269910478808134 0.008525486376514513 -1
0.730262672373203 0.05075174929472559 -1
0.2656967916619237 0.20350405618510692 -1
0.6738947554198114 0.1086518775276315 -1
0.868351560019342 0.08142013336131049 -1
0.02764961645009134 0.39744621359124455 -1
0.0770948324288323 0.850294117659108 -1
0.8415051531303869 0.4114214320544748 1
0.8802386188457438 0.052459797856899804 -1
0.5734787402123476 0.7608770526102596 1
0.2540522172066598 0.3882327195088008 -1
0.22943445523680273 0.506733189909913 -1
0.06852262363153983 0.06763661630142137 -1
0.6486305312724241 0.08258459212688163 -1
0.9484138166555652 0.9037032594810808 1
0.014833827180295578 0.2697417845054584 -1
0.41522934435844605 0.02684257044472982 -1
0.4477707188271578 0.7004779455871747 -1
0.6402839781011868 0.35017703328431393 -1
0.7444138831818057 0.14255492945609682 -1
0.7969738855004295 0.3976642360977203 1
0.3028231831242816 0.9820186732644819 -1
0.8187715860286847 0.34711386555497703 1
0.9217082765908969 0.42744470260157974 1
0.432647749934416 0.4771389563495908 -1
0.08554361837844271 0.5212453267111732 -1
0.1507809061574088 0.8964131293727329 -1
0.6902569911259939 0.307680521019002 -1
0.943707542884059 0.566126749232961 1
0.27728384127400507 0.006388150218340272 -1
0.7174214246940974 0.09372175563219598 -1
0.9320257130021813 0.16707913059659496 1
0.7257485612695735 0.04375765834317058 -1
0.16134208130115157 0.6649941470673411 -1
0.6541214058572692 0.49095612485551776 1
0.7715156779534719 0.14987330041406688 -1
0.340753013377763 0.12733392450389014 -1
0.756072078761215 0.6492754939576117 1
0.30941729806382756 0.29319926523624096 -1
0.26480253174870494 0.8237998774498207 -1
0.19912122275023725 0.8185722407381051 -1
0.5613896776122047 0.15785300006453484 -1
0.24651822017853242 0.34479132482401864 -1
0.3897925041736091 0.8939830207085269 -1
0.734170207127197 0.6993854583742319 1
0.9190134087723205 0.44356944342612137 1
0.8032975468779809 0.7382420338934514 1
0.4266530456651648 0.3242422069194628 -1
0.8361946627660797 0.8216203613748182 1
0.7844757292727753 0.1742803303997339 -1
0.232274013453999 0.4530775772508666 -1
0.3130825845111136 0.8587279414697503 -1
0.9750784324702426 0.025078161634101814 1
0.5663999144124727 0.8527229478089251 1
0.6506506649232063 0.2960475834047903 -1
0.19140795047123227 0.8328770788915048 -1
0.7199862983050332 0.18600016737268044 -1
0.09937288899376473 0.9033316744714137 -1
0.04576429080629918 0.29204301178952974 -1
0.7787028321122085 0.3966064868460847 1
0.8749570920655639 0.4858566533467129 1
0.3408945935126436 0.6553916773057693 -1
0.11274040762325566 0.033672597586337005 -1
0.346255513569542 0.7768855461539638 -1
0.9401840685006599 0.02651788212691575 -1
0.18097704263531167 0.11497857792189747 -1
0.29846521041735996 0.15318050476167744 -1
0.4854981321195164 0.9332322139303099 -1
0.11181241748333814 0.3504152984324256 -1
0.17890430980971195 0.28769329250231934 -1
0.060988733285924024 0.5211267307505936 -1
0.16742059601633585 0.6810676853970568 -1
0.2393263418081787 0.5773297722165027 -1
0.39796592717870705 0.2565803785562657 -1
0.7588368309898914 0.727742679198357 1
0.24633579247991466 0.7088664879754262 -1
0.33183711184622156 0.21235830685230683 -1
0.6820617157134721 0.1269160464937924 -1
0.27934160265109054 0.5682257969804066 -1
0.8395801936934245 0.5726846175433371 1
0.09268900997866891 0.004266123382451026 -1
0.9228128409577581 0.3422275709123629 1
0.32332961963042683 0.1093497545193931 -1
0.8539434286013554 0.8290221413309632 1
0.8185711723489888 0.6813927539444057 1
0.732800205945913 0.574149800660081 1
0.20623055415236802 0.5569918676448293 -1
0.7245827542197966 0.25899387107019956 -1
0.038237090954686304 0.04776061225826089 -1
0.27363366045232673 0.415211671962743 -1
